#NUM    AA      CA      CA_fac  CB      CB_fac  C       C_fac   H       H_fac   HA      HA_fac  N       N_fac   CHAIN   
1       Q       -       1.00    -       1.00    -       1.00    -       1.00    4.127   1.00    -       1.00    1       
2       X       55.702  1.00    41.876  1.00    -       1.00    -       1.00    5.839   1.00    120.695 1.00    1       
3       Y       56.349  1.00    42.767  1.00    -       1.00    -       1.00    4.926   1.00    124.591 1.00    1       
4       T       61.350  1.00    70.674  1.00    -       1.00    -       1.00    5.373   1.00    123.822 1.00    1       
5       F       55.525  1.00    41.633  1.00    -       1.00    -       1.00    4.743   1.00    123.217 1.00    1       
6       R       54.054  1.00    -       1.00    -       1.00    -       1.00    5.057   1.00    118.485 1.00    1       
7       S       57.910  1.00    64.422  1.00    -       1.00    -       1.00    4.604   1.00    117.444 1.00    1       
8       E       58.350  1.00    -       1.00    -       1.00    -       1.00    4.599   1.00    129.341 1.00    1       
9       X       58.379  1.00    -       1.00    -       1.00    -       1.00    4.511   1.00    115.711 1.00    1       
10      T       61.056  1.00    -       1.00    -       1.00    -       1.00    4.482   1.00    106.635 1.00    1       
11      N       54.525  1.00    38.237  1.00    -       1.00    -       1.00    4.609   1.00    117.332 1.00    1       
12      K       56.348  1.00    -       1.00    -       1.00    -       1.00    4.205   1.00    119.374 1.00    1       
13      E       55.113  1.00    -       1.00    -       1.00    -       1.00    4.852   1.00    123.344 1.00    1       
14      F       56.673  1.00    42.920  1.00    -       1.00    -       1.00    4.626   1.00    122.157 1.00    1       
15      T       62.145  1.00    71.370  1.00    -       1.00    -       1.00    5.189   1.00    116.232 1.00    1       
16      V       60.839  1.00    35.133  1.00    -       1.00    -       1.00    4.515   1.00    126.975 1.00    1       
17      X       54.966  1.00    38.222  1.00    -       1.00    -       1.00    5.925   1.00    125.613 1.00    1       
18      R       52.465  1.00    -       1.00    -       1.00    -       1.00    4.855   1.00    122.294 1.00    1       
19      P       64.994  1.00    -       1.00    -       1.00    -       1.00    4.380   1.00    -       1.00    1       
20      N       50.377  1.00    39.516  1.00    -       1.00    -       1.00    5.249   1.00    112.393 1.00    1       
21      P       65.270  1.00    -       1.00    -       1.00    -       1.00    4.146   1.00    -       1.00    1       
22      E       59.732  1.00    -       1.00    -       1.00    -       1.00    4.109   1.00    119.049 1.00    1       
23      E       58.614  1.00    -       1.00    -       1.00    -       1.00    4.107   1.00    118.774 1.00    1       
24      V       66.911  1.00    31.503  1.00    -       1.00    -       1.00    3.397   1.00    119.889 1.00    1       
25      E       59.350  1.00    -       1.00    -       1.00    -       1.00    3.833   1.00    118.433 1.00    1       
26      K       59.769  1.00    -       1.00    -       1.00    -       1.00    3.927   1.00    118.551 1.00    1       
27      E       58.026  1.00    -       1.00    -       1.00    -       1.00    4.383   1.00    119.788 1.00    1       
28      A       55.555  1.00    17.548  1.00    -       1.00    -       1.00    3.881   1.00    125.019 1.00    1       
29      R       59.732  1.00    -       1.00    -       1.00    -       1.00    3.831   1.00    117.640 1.00    1       
30      R       59.379  1.00    -       1.00    -       1.00    -       1.00    4.037   1.00    119.415 1.00    1       
31      T       66.911  1.00    -       1.00    -       1.00    -       1.00    3.715   1.00    116.437 1.00    1       
32      K       60.056  1.00    -       1.00    -       1.00    -       1.00    3.967   1.00    120.727 1.00    1       
33      E       59.026  1.00    -       1.00    -       1.00    -       1.00    3.956   1.00    118.561 1.00    1       
34      E       59.085  1.00    -       1.00    -       1.00    -       1.00    3.981   1.00    119.642 1.00    1       
35      E       58.232  1.00    -       1.00    -       1.00    -       1.00    4.106   1.00    118.051 1.00    1       
36      X       55.849  1.00    -       1.00    -       1.00    -       1.00    4.634   1.00    113.376 1.00    1       
37      R       56.849  1.00    -       1.00    -       1.00    -       1.00    4.343   1.00    121.321 1.00    1       
38      K       58.022  1.00    -       1.00    -       1.00    -       1.00    4.134   1.00    127.347 1.00    1       
