#NUM    AA      CA      CA_fac  CB      CB_fac  C       C_fac   H       H_fac   HA      HA_fac  N       N_fac   CHAIN   
1       Q       59.808  1.00    33.544  1.00    nan     1.00    8.440   1.00    4.075   1.00    120.838 1.00    A       
2       K       59.442  1.00    35.504  1.00    nan     1.00    7.707   1.00    4.210   1.00    120.330 1.00    A       
3       V       63.415  1.00    35.244  1.00    nan     1.00    7.851   1.00    3.962   1.00    120.400 1.00    A       
4       Q       60.731  1.00    33.668  1.00    nan     1.00    8.465   1.00    3.994   1.00    122.306 1.00    A       
5       D       59.366  1.00    39.620  1.00    nan     1.00    8.220   1.00    4.309   1.00    121.449 1.00    A       
6       D       59.087  1.00    39.311  1.00    nan     1.00    8.590   1.00    4.263   1.00    121.927 1.00    A       
7       T       64.454  1.00    53.299  1.00    nan     1.00    8.245   1.00    3.973   1.00    120.986 1.00    A       
8       K       60.811  1.00    35.608  1.00    nan     1.00    8.056   1.00    3.950   1.00    121.396 1.00    A       
9       T       63.845  1.00    53.739  1.00    nan     1.00    8.364   1.00    3.977   1.00    118.928 1.00    A       
10      L       59.403  1.00    39.867  1.00    nan     1.00    8.090   1.00    4.221   1.00    122.908 1.00    A       
11      I       64.207  1.00    38.215  1.00    nan     1.00    8.247   1.00    3.784   1.00    120.458 1.00    A       
12      K       60.645  1.00    35.509  1.00    nan     1.00    8.131   1.00    4.007   1.00    119.724 1.00    A       
13      T       63.817  1.00    53.881  1.00    nan     1.00    8.265   1.00    4.056   1.00    119.856 1.00    A       
14      I       63.559  1.00    38.539  1.00    nan     1.00    8.327   1.00    3.873   1.00    122.822 1.00    A       
15      V       64.496  1.00    35.278  1.00    nan     1.00    8.401   1.00    3.783   1.00    120.755 1.00    A       
16      T       63.820  1.00    53.851  1.00    nan     1.00    8.143   1.00    4.051   1.00    119.125 1.00    A       
17      R       60.127  1.00    34.404  1.00    nan     1.00    8.141   1.00    4.143   1.00    122.214 1.00    A       
18      I       63.469  1.00    38.545  1.00    nan     1.00    8.335   1.00    3.840   1.00    120.361 1.00    A       
19      N       58.510  1.00    38.607  1.00    nan     1.00    8.114   1.00    4.325   1.00    121.028 1.00    A       
20      D       58.832  1.00    39.736  1.00    nan     1.00    8.143   1.00    4.308   1.00    120.780 1.00    A       
21      I       62.198  1.00    38.846  1.00    nan     1.00    8.005   1.00    4.051   1.00    120.041 1.00    A       
