#NUM    AA      CA      CA_fac  CB      CB_fac  C       C_fac   H       H_fac   HA      HA_fac  N       N_fac   CHAIN   
1       Q       58.930  1.00    28.176  1.00    -       1.00    8.639   1.00    3.909   1.00    119.686 1.00    A       
2       K       58.198  1.00    32.095  1.00    -       1.00    7.174   1.00    4.179   1.00    118.670 1.00    A       
3       V       66.143  1.00    31.575  1.00    -       1.00    7.462   1.00    3.684   1.00    118.810 1.00    A       
4       Q       60.776  1.00    28.423  1.00    -       1.00    8.688   1.00    3.748   1.00    122.622 1.00    A       
5       D       58.046  1.00    40.326  1.00    -       1.00    8.200   1.00    4.379   1.00    120.908 1.00    A       
6       D       57.487  1.00    39.710  1.00    -       1.00    8.938   1.00    4.285   1.00    121.864 1.00    A       
7       T       68.223  1.00    67.685  1.00    -       1.00    8.250   1.00    3.705   1.00    119.982 1.00    A       
8       K       60.937  1.00    32.303  1.00    -       1.00    7.871   1.00    3.660   1.00    120.802 1.00    A       
9       T       67.004  1.00    68.566  1.00    -       1.00    8.486   1.00    3.714   1.00    115.867 1.00    A       
10      L       58.119  1.00    40.820  1.00    -       1.00    7.939   1.00    4.202   1.00    123.826 1.00    A       
11      I       67.728  1.00    37.516  1.00    -       1.00    8.252   1.00    3.328   1.00    118.926 1.00    A       
12      K       60.604  1.00    32.105  1.00    -       1.00    8.022   1.00    3.774   1.00    117.458 1.00    A       
13      T       66.949  1.00    68.849  1.00    -       1.00    8.290   1.00    3.873   1.00    117.722 1.00    A       
14      I       66.433  1.00    38.166  1.00    -       1.00    8.413   1.00    3.505   1.00    123.655 1.00    A       
15      V       68.306  1.00    31.643  1.00    -       1.00    8.561   1.00    3.325   1.00    119.521 1.00    A       
16      T       66.954  1.00    68.789  1.00    -       1.00    8.044   1.00    3.863   1.00    116.261 1.00    A       
17      R       59.568  1.00    29.896  1.00    -       1.00    8.041   1.00    4.046   1.00    122.439 1.00    A       
18      I       66.252  1.00    38.178  1.00    -       1.00    8.428   1.00    3.439   1.00    118.731 1.00    A       
19      N       56.333  1.00    38.301  1.00    -       1.00    7.988   1.00    4.409   1.00    120.066 1.00    A       
20      D       56.979  1.00    40.559  1.00    -       1.00    8.045   1.00    4.375   1.00    119.570 1.00    A       
21      I       63.709  1.00    38.780  1.00    -       1.00    7.770   1.00    3.862   1.00    118.092 1.00    A       
