#NUM    AA      CA      CA_fac  CB      CB_fac  C       C_fac   H       H_fac   HA      HA_fac  N       N_fac   CHAIN   
1       Q       55.920  1.00    29.746  1.00    176.344 1.00    8.232   1.00    4.340   1.00    121.402 1.00    A       
2       K       56.207  1.00    32.753  1.00    176.603 1.00    8.306   1.00    4.385   1.00    123.359 1.00    A       
3       V       61.951  1.00    32.770  1.00    176.013 1.00    8.073   1.00    4.187   1.00    121.877 1.00    A       
4       Q       55.983  1.00    29.754  1.00    176.030 1.00    8.237   1.00    4.378   1.00    123.568 1.00    A       
5       D       54.583  1.00    41.388  1.00    176.224 1.00    8.324   1.00    4.604   1.00    121.583 1.00    A       
6       D       54.390  1.00    41.225  1.00    176.579 1.00    8.320   1.00    4.629   1.00    121.123 1.00    A       
7       T       61.650  1.00    70.011  1.00    174.784 1.00    8.159   1.00    4.442   1.00    115.411 1.00    A       
8       K       56.210  1.00    32.916  1.00    176.818 1.00    8.327   1.00    4.412   1.00    123.761 1.00    A       
9       T       61.480  1.00    69.845  1.00    174.591 1.00    8.178   1.00    4.418   1.00    115.342 1.00    A       
10      L       55.177  1.00    42.363  1.00    177.280 1.00    8.121   1.00    4.393   1.00    124.542 1.00    A       
11      I       67.728  1.00    37.516  1.00    -       1.00    8.252   1.00    3.328   1.00    118.926 1.00    A       
12      K       60.604  1.00    32.105  1.00    -       1.00    8.022   1.00    3.774   1.00    117.458 1.00    A       
13      T       66.949  1.00    68.849  1.00    -       1.00    8.290   1.00    3.873   1.00    117.722 1.00    A       
14      I       66.433  1.00    38.166  1.00    -       1.00    8.413   1.00    3.505   1.00    123.655 1.00    A       
15      V       68.306  1.00    31.643  1.00    -       1.00    8.561   1.00    3.325   1.00    119.521 1.00    A       
16      T       66.954  1.00    68.789  1.00    -       1.00    8.044   1.00    3.863   1.00    116.261 1.00    A       
17      R       59.568  1.00    29.896  1.00    -       1.00    8.041   1.00    4.046   1.00    122.439 1.00    A       
18      I       66.252  1.00    38.178  1.00    -       1.00    8.428   1.00    3.439   1.00    118.731 1.00    A       
19      N       56.333  1.00    38.301  1.00    -       1.00    7.988   1.00    4.409   1.00    120.066 1.00    A       
20      D       56.979  1.00    40.559  1.00    -       1.00    8.045   1.00    4.375   1.00    119.570 1.00    A       
21      I       63.709  1.00    38.780  1.00    -       1.00    7.770   1.00    3.862   1.00    118.092 1.00    A       
