#NUM    AA      CA      CA_fac  CB      CB_fac  C       C_fac   H       H_fac   HA      HA_fac  N       N_fac   CHAIN   
1       Q       58.930  1.00    28.176  1.00    -       1.00    8.639   1.00    3.909   1.00    119.686 1.00    A       
2       K       58.198  1.00    32.095  1.00    -       1.00    7.174   1.00    4.179   1.00    118.670 1.00    A       
3       V       66.143  1.00    31.575  1.00    -       1.00    7.462   1.00    3.684   1.00    118.810 1.00    A       
4       Q       60.776  1.00    28.423  1.00    -       1.00    8.688   1.00    3.748   1.00    122.622 1.00    A       
5       D       58.046  1.00    40.326  1.00    -       1.00    8.200   1.00    4.379   1.00    120.908 1.00    A       
6       D       57.487  1.00    39.710  1.00    -       1.00    8.938   1.00    4.285   1.00    121.864 1.00    A       
7       T       68.223  1.00    67.685  1.00    -       1.00    8.250   1.00    3.705   1.00    119.982 1.00    A       
8       K       60.937  1.00    32.303  1.00    -       1.00    7.871   1.00    3.660   1.00    120.802 1.00    A       
9       T       67.004  1.00    68.566  1.00    -       1.00    8.486   1.00    3.714   1.00    115.867 1.00    A       
10      L       58.119  1.00    40.820  1.00    -       1.00    7.939   1.00    4.202   1.00    123.826 1.00    A       
11      I       60.732  1.00    38.957  1.00    176.114 1.00    8.284   1.00    4.232   1.00    121.790 1.00    A       
12      K       56.176  1.00    33.058  1.00    176.730 1.00    8.350   1.00    4.415   1.00    125.595 1.00    A       
13      T       61.309  1.00    69.995  1.00    174.392 1.00    8.159   1.00    4.418   1.00    115.285 1.00    A       
14      I       60.713  1.00    38.981  1.00    176.030 1.00    8.347   1.00    4.248   1.00    124.320 1.00    A       
15      V       61.882  1.00    33.035  1.00    176.228 1.00    8.131   1.00    4.327   1.00    124.900 1.00    A       
16      T       61.361  1.00    70.019  1.00    174.622 1.00    8.208   1.00    4.432   1.00    117.417 1.00    A       
17      R       56.167  1.00    30.848  1.00    176.071 1.00    8.261   1.00    4.343   1.00    123.530 1.00    A       
18      I       60.738  1.00    39.045  1.00    175.967 1.00    8.322   1.00    4.238   1.00    123.490 1.00    A       
19      N       53.369  1.00    39.364  1.00    175.225 1.00    8.420   1.00    4.729   1.00    122.927 1.00    A       
20      D       54.425  1.00    41.347  1.00    176.172 1.00    8.296   1.00    4.644   1.00    120.784 1.00    A       
21      I       60.686  1.00    38.913  1.00    176.093 1.00    8.241   1.00    4.240   1.00    121.990 1.00    A       
