#NUM    AA      CA      CA_fac  CB      CB_fac  C       C_fac   H       H_fac   HA      HA_fac  N       N_fac   CHAIN   
1       Q       55.920  1.00    29.746  1.00    176.344 1.00    8.232   1.00    4.340   1.00    121.402 1.00    A       
2       K       56.207  1.00    32.753  1.00    176.603 1.00    8.306   1.00    4.385   1.00    123.359 1.00    A       
3       V       61.951  1.00    32.770  1.00    176.013 1.00    8.073   1.00    4.187   1.00    121.877 1.00    A       
4       Q       55.983  1.00    29.754  1.00    176.030 1.00    8.237   1.00    4.378   1.00    123.568 1.00    A       
5       D       54.583  1.00    41.388  1.00    176.224 1.00    8.324   1.00    4.604   1.00    121.583 1.00    A       
6       D       54.390  1.00    41.225  1.00    176.579 1.00    8.320   1.00    4.629   1.00    121.123 1.00    A       
7       T       61.650  1.00    70.011  1.00    174.784 1.00    8.159   1.00    4.442   1.00    115.411 1.00    A       
8       K       56.210  1.00    32.916  1.00    176.818 1.00    8.327   1.00    4.412   1.00    123.761 1.00    A       
9       T       61.480  1.00    69.845  1.00    174.591 1.00    8.178   1.00    4.418   1.00    115.342 1.00    A       
10      L       55.177  1.00    42.363  1.00    177.280 1.00    8.121   1.00    4.393   1.00    124.542 1.00    A       
11      I       60.732  1.00    38.957  1.00    176.114 1.00    8.284   1.00    4.232   1.00    121.790 1.00    A       
12      K       56.176  1.00    33.058  1.00    176.730 1.00    8.350   1.00    4.415   1.00    125.595 1.00    A       
13      T       61.309  1.00    69.995  1.00    174.392 1.00    8.159   1.00    4.418   1.00    115.285 1.00    A       
14      I       60.713  1.00    38.981  1.00    176.030 1.00    8.347   1.00    4.248   1.00    124.320 1.00    A       
15      V       61.882  1.00    33.035  1.00    176.228 1.00    8.131   1.00    4.327   1.00    124.900 1.00    A       
16      T       61.361  1.00    70.019  1.00    174.622 1.00    8.208   1.00    4.432   1.00    117.417 1.00    A       
17      R       56.167  1.00    30.848  1.00    176.071 1.00    8.261   1.00    4.343   1.00    123.530 1.00    A       
18      I       60.738  1.00    39.045  1.00    175.967 1.00    8.322   1.00    4.238   1.00    123.490 1.00    A       
19      N       53.369  1.00    39.364  1.00    175.225 1.00    8.420   1.00    4.729   1.00    122.927 1.00    A       
20      D       54.425  1.00    41.347  1.00    176.172 1.00    8.296   1.00    4.644   1.00    120.784 1.00    A       
21      I       60.686  1.00    38.913  1.00    176.093 1.00    8.241   1.00    4.240   1.00    121.990 1.00    A       
