#NUM    AA      CA      CA_fac  CB      CB_fac  C       C_fac   H       H_fac   HA      HA_fac  N       N_fac   CHAIN   
1       Q       55.826  1.00    29.569  1.00    176.044 1.00    8.251   1.00    4.352   1.00    121.462 1.00    A       
2       A       51.324  1.00    19.091  1.00    176.530 1.00    8.231   1.00    4.394   1.00    126.216 1.00    A       
3       P       62.508  1.00    31.875  1.00    176.851 1.00    -       1.00    4.447   1.00    137.180 1.00    A       
4       A       52.421  1.00    19.257  1.00    177.248 1.00    8.284   1.00    4.339   1.00    124.462 1.00    A       
5       Y       57.703  1.00    38.776  1.00    175.542 1.00    8.300   1.00    4.502   1.00    120.426 1.00    A       
6       K       56.138  1.00    32.796  1.00    176.711 1.00    8.315   1.00    4.375   1.00    123.768 1.00    A       
7       K       56.156  1.00    32.942  1.00    176.504 1.00    8.295   1.00    4.390   1.00    122.783 1.00    A       
8       A       52.697  1.00    19.376  1.00    177.535 1.00    8.257   1.00    4.345   1.00    125.208 1.00    A       
9       A       52.558  1.00    19.412  1.00    177.594 1.00    8.233   1.00    4.319   1.00    123.701 1.00    A       
10      K       56.197  1.00    32.802  1.00    176.690 1.00    8.317   1.00    4.369   1.00    121.921 1.00    A       
11      K       56.071  1.00    32.782  1.00    176.540 1.00    8.276   1.00    4.388   1.00    122.541 1.00    A       
12      L       55.010  1.00    42.384  1.00    177.170 1.00    8.058   1.00    4.365   1.00    123.303 1.00    A       
13      A       52.697  1.00    19.344  1.00    177.951 1.00    8.286   1.00    4.350   1.00    125.457 1.00    A       
14      E       56.588  1.00    30.361  1.00    176.675 1.00    8.385   1.00    4.331   1.00    120.560 1.00    A       
15      S       58.141  1.00    63.723  1.00    174.796 1.00    8.263   1.00    4.461   1.00    116.681 1.00    A       
