#NUM    AA      CA      CA_fac  CB      CB_fac  C       C_fac   H       H_fac   HA      HA_fac  N       N_fac   CHAIN   
1       T       67.004  1.00    68.566  1.00    -       1.00    8.486   1.00    3.714   1.00    115.867 1.00    1       
2       L       58.119  1.00    40.82   1.00    -       1.00    7.939   1.00    4.202   1.00    123.826 1.00    1       
3       I       67.728  1.00    37.516  1.00    -       1.00    8.252   1.00    3.328   1.00    118.926 1.00    1       
4       K       60.604  1.00    32.105  1.00    -       1.00    8.022   1.00    3.774   1.00    117.458 1.00    1       
5       T       66.949  1.00    68.849  1.00    -       1.00    8.29    1.00    3.873   1.00    117.722 1.00    1       
6       I       66.433  1.00    38.166  1.00    -       1.00    8.413   1.00    3.505   1.00    123.655 1.00    1       
7       V       68.306  1.00    31.643  1.00    -       1.00    8.561   1.00    3.325   1.00    119.521 1.00    1       
8       T       66.954  1.00    68.789  1.00    -       1.00    8.044   1.00    3.863   1.00    116.261 1.00    1       
9       R       59.568  1.00    29.896  1.00    -       1.00    8.041   1.00    4.046   1.00    122.439 1.00    1       
10      I       66.252  1.00    38.178  1.00    -       1.00    8.428   1.00    3.439   1.00    118.731 1.00    1       
11      N       56.333  1.00    38.301  1.00    -       1.00    7.988   1.00    4.409   1.00    120.066 1.00    1       
12      D       56.979  1.00    40.559  1.00    -       1.00    8.045   1.00    4.375   1.00    119.57  1.00    1       
